89384
30887
92778
36916
47794
38336
85387
60493
16650
41422
2363
90028
68691
20060
97764
13927
80541
83427
89173
55737
5212
95369
2568
56430
65783
21531
22863
65124
74068
3136
13930
79803
34023
23059
33070
98168
61394
18457
75012
78043
76230
77374
84422
44920
13785
98538
75199
94325
98316
64371
66414
3527
76092
68981
59957
41874
6863
99171
6997
97282
2306
20926
77085
36328
60337
26506
50847
21730
61314
25858
16125
53896
19583
546
98815
33368
15435
90365
44044
13751
71088
26809
17277
47179
95789
93585
5404
2652
92755
12400
99933
95061
49677
93369
47740
10013
36227
98587
48095
97540
